
,1,13:06:21,,,,,2,17:44:19,,,,,3,18:29:33,,,,,4,16:40:48,,,,,5,16:44:57,,,,,6,14:11:33,,,,,7,14:50:02,,,,,8,14:50:43,,,,,9,15:05:25,,,,
1,12,14×2,14,247,,1,14×3,16,16,227,,1,11,8,16×3,234,,1,OUT,14,19,268,,1,12×3,14,12,239,,1,20×3,20×3,20×3,180,,1,8,14×3,9,242,,1,8,14×3,9,242,,1,11×2,14,9,45,,
2,9,9×3,8,203,,2,OUT,OUT,9,218,,2,9,11,OUT,214,,2,9,16×3,14×2,183,,2,14×2,14×3,7,162,,,,,,,,2,8,8,14,212,,2,8,8,14,212,,2,19,11,9×3,102,,
3,11×2,11×3,14×2,120,,3,14,14,8,182,,3,OUT,11,7×3,182,,3,5×3,9,12,147,,3,8,14,14×3,98,,,,,,,,3,11×3,11,8,160,,3,11×3,11,8,160,,3,16×3,16,11×3,199,,
4,12,12,16,80,,4,14,9,11,148,,4,14,11,8×3,133,,4,11,11×3,OUT,103,,4,14,14,OUT,70,,,,,,,,4,11,9,11,129,,4,11,9,11,129,,4,OUT,11,14,224,,
5,8,OUT,9×2,54,,5,8,OUT,9×3,113,,5,OUT,12,9,112,,5,5,8,11,79,,5,18,18,OUT,34,,,,,,,,5,9×3,14,6,82,,5,9×3,14,6,82,,5,1,9,OUT,234,,
6,7,14,5,28,,,,,,,,,,,,,,6,12×3,9,2×2,30,,6,7×2,20,,0,,,,,,,,6,OUT,16,12×3,30,,6,OUT,16,12×3,30,,6,20,9,12,275,,
,,,,,,,,,,,,,,,,,,7,13,17×3,,30,,,,,,,,,,,,,,7,13,3×2,8,3,,7,13,3×2,8,3,,7,8,19,11,313,,
,,,,,,,,,,,,,,,,,,8,OUT,2,8,20,,,,,,,,,,,,,,,,,,,,,,,,,,8,1×3,1,18,335,,
,,,,,,,,,,,,,,,,,,9,20,,,0,,,,,,,,,,,,,,,,,,,,,,,,,,,,,,,,
