
,1,11:04:24,,,,,2,11:16:12,,,,,3,13:06:21,,,,,4,13:13:23,,,,,5,17:44:19,,,,,6,16:40:48,,,,,7,16:44:57,,,,,8,14:11:33,,,,,9,14:50:02,,,,,10,14:50:43,,,,,11,14:57:04,,,,,12,15:05:25,,,,,13,17:27:54,,,,
1,20×3,20×3,20×3,121,,1,15,2,19×3,227,,1,9,OUT,3,289,,1,14,9,OUT,278,,1,19,11×2,OUT,260,,1,8×3,8,11×3,236,,1,16,16,9,260,,1,BULL,BULL,BULL,150,,1,1,18,14,268,,1,1,18,14,268,,1,12,20,1,33,,1,12,11,1,24,,1,9×3,16,9,52,,
2,20×3,20×3,1,0,,2,BULL,BULL,20×3,67,,2,1,8,9,271,,2,14,OUT,11,253,,2,19×3,7,11,185,,2,8,11,8,209,,2,14×3,14,5,199,,,,,,,,2,1,BULL,18,199,,2,1,BULL,18,199,,2,10,12,17×3,106,,2,9×3,8,8,67,,2,9×3,8×3,11,114,,
,,,,,,3,20×3,20×3,,67,,3,BULL,9×3,8,186,,3,17,9,9,218,,3,12,19×3,11,105,,3,11,7,9×3,164,,3,11×3,9,8,149,,,,,,,,3,BULL,10,3×3,130,,3,BULL,10,3×3,130,,3,18,20,1,145,,3,16,7×3,19,123,,3,11,11,OUT,136,,
,,,,,,4,20×3,20×3,,67,,4,20×3,16,20×3,50,,4,20,1,12,185,,4,BULL,14,11,30,,4,11,8,14,131,,4,11×3,7,14,95,,,,,,,,4,2,OUT,18,110,,4,2,OUT,18,110,,4,1,17,4,167,,4,16,OUT,7,146,,4,3×3,14,11×3,192,,
,,,,,,5,20×3,7,,0,,5,OUT,10,1×3,37,,5,9,20,OUT,156,,5,10×2,10,,0,,5,8,16,11×3,74,,5,14,14,12,55,,,,,,,,5,10,1,5,94,,5,10,1,5,94,,5,OUT,BULL,1,218,,5,16,11×3,11×2,217,,5,14,14,7,227,,
,,,,,,,,,,,,6,9,OUT,14×2,0,,,,,,,,,,,,,,6,12×2,6,OUT,44,,,,,,,,,,,,,,6,1,19,1,73,,6,1,19,1,73,,6,12,20,20×2,290,,6,7×3,9,OUT,247,,6,9×2,9×3,16,288,,
,,,,,,,,,,,,,,,,,,,,,,,,,,,,,,7,8,12,5,19,,,,,,,,,,,,,,7,9,5×3,9,40,,7,9,5×3,9,40,,7,20,OUT,2,312,,7,8,16×3,16,319,,7,14×3,9,OUT,339,,
,,,,,,,,,,,,,,,,,,,,,,,,,,,,,,8,3,OUT,OUT,16,,,,,,,,,,,,,,8,20×2,,,0,,8,20×2,,,0,,8,18,BULL,7,387,,8,19,16,19,373,,8,14,8,8,369,,
,,,,,,,,,,,,,,,,,,,,,,,,,,,,,,9,OUT,OUT,OUT,16,,,,,,,,,,,,,,,,,,,,,,,,,,,,,,,,,,,,,,,,,,,,
