
,1,16:44:21,,,,,2,16:44:24,,,,,3,16:53:59,,,,,4,17:51:25,,,,
1,12×3,16,7,59,,1,12×3,16,7,59,,1,20,20,18,58,,1,5,9,8,279,,
2,8,17,11,95,,2,8,17,11,95,,2,20,5,OUT,83,,2,7,8×3,11,237,,
3,14×3,OUT,8,145,,3,14×3,OUT,8,145,,3,9,5,20,117,,3,19,14,7,197,,
4,8,11,19,183,,4,8,11,19,183,,4,18,5,2×3,146,,4,14,14,14,155,,
5,9,16,7,215,,5,9,16,7,215,,5,OUT,5,OUT,151,,5,16,8,OUT,131,,
6,16,8,8,247,,6,16,8,8,247,,6,4×3,1,18,182,,6,11,1,17,102,,
7,18,1,12,278,,7,18,1,12,278,,7,5×2,BULL,12,254,,7,18,1,20×3,23,,
8,2,5×3,3,298,,8,2,5×3,3,298,,8,OUT,1,19,274,,8,10,11,OUT,2,,
,,,,,,,,,,,,,,,,,,9,15,,,2,,
